0000000000000000000000000000000000000000000000000000000000000000000000000000000000000000000000000000000000000000000000000000000000000000000000000000000000000000000000000000000000000000000000000000000000000000000000000000000000000000000000000000000000000000
0000000000000000000000000000000000000000000000000000000000000000000000000000000000000000000000000000000000000000000000000000000000000000000000000000000000000000000000000000000000000000000000000000000000000000000000000000000000000000000000000000000000000000
0000000000000000000000000000000000000000000000000000000000000000000000000000000000000000000000000000000000000000000000000000000000000000000000000000000000000000000000000000000000000000000000000000000000000000000000000000000000000000000000000000000000000000
0000000000000000000000000000000000000000000000000000000000000000000000000000000000000000000000000000000000000000000000000000000000000000000000000000000000000000000000000000000000000000000000000000000000000000000000000000000000000000000000000000000000000000
0000000000000000000000000000000000000000000000000000000000000000000000000000000000000000000000000000000000000000000000000000000000000000000000000000000000000000000000000000000000000000000000000000000000000000000000000000000000000000000000000000000000000000
0000000000000000000000000000000000000000000000000000000000000011111111111111111100111111111111111111111111111111111111000000000000000000000000000000000000000000000000000000000000000000000000000000000000000000000000000000000000000000000000000000000000000000
0000000000000000000000000000000000000000000000000000000000000010000000000011000100100000000000000000000000000000001111000000000000000000000000000000000000000000000000000000000000000000000000000000000000000000000000000000000000000000000000000000000000000000
0000000000000000000000000000000000000000000000000000111100001100000000000100100011000000000000000000000000000000010000000000000000000011111111000000000000000000000000000000000000000000000000000000001111000000000000000000000000000000000000000000000000000000
0000000000000000000000000000000000000000000000000000110100001000111111111100110011110000000000000000000000000000010000000000000000000011111111000000000000000000000000000000000000000000000000000000001001000000000000000000000000000000000000000000000000000000
0000000000000000000000000000000000000000001111111111001100001001000000000000001100001000000000000000000000000000010000000000000000000000000000000000000000000000000000000011110000000000000000000000110000110000000000000000000011110000000000000000000000000000
0000000000000000000000000000000000000000001000111101001100001011000000000000001100001111000000000000000000000000010000000000000000000000000000000000000000000000000000000011110000000000000000000000100000010000000000000000000011110000000000000000000000000000
0000000000000000000000000000000000000000110001000011000011110100111111111100000000000000100000000000000000000000010000000000000000000000000000000000000000000000001100000000000000000000000011111111000000001111111111111100000000000000000000000000000000000000
0000000000000000000000000000000000000000111101000011000011000100100000000100000000000000100000000000000000000000110000000000000000000000000000000000000000000000001100000000000000000000000010000000000000000000000000000100000000000000000000000000000000000000
0000000000001111111111110000000000000000000010111100111100100100100000000011110000000000100000000000000000000001000000000000000000000000000000111111110000000000000000000000001111111111111100000000000000000000000000000011111111111111111111111111000000000000
0000000000001000000000010000000000000000000010000000000100100100100000111100010000000000100000000000000011111111000000000000000000000000000000100000010000000000000000000000001000000000000000000000000000000000000000000000000000000000000000000001000000000000
1100000000110000000000001111111111111111111100000000000011000011000001000010001111000000100000000000000100000000000000000000000000000000001111000000001111111111111111111111110000000000000000000000000000000000000000000000000000000000000000000000111111111111
1100000000100000000000000000000000000000000000000000000000000000000001000010000011000000110000000011111100000000000000000000000000000000001000110000000000000000000000000000000000000000000000000000000000000000000000000000000000000000000000000000000000000011
0011000011000000000000000000000000000000000000000000000000000000000000110010000100000000001000000100000000000011111111000000000000000011110001001000000000000000000000000000000000000000000000000000000000000000000000000000000000000000000000000000000000000100
0011000010000000000000000000000000000000000000000000000000000011111111010010111100000000001100001100000000000011111111000000000000000010000011001000000000000000000000000000000000000000000000000000000000000000000000000000000000000000000000000000000000001100
0000000010000000000000000000000000000000000000000000000000000100000000101101000000000000000010010000000000000000000000000000000000111100000100110000000000000000000000000000000000000000000000000000000000000000000000000000000000000000000000000000000000010000
0000000011110000001111111111000000000000000000000000000000001100000000100001000000000000000011110000000000000000000000000000000000100000000100110000000000000000000000000000000000000000000000000000000000000000000000000000000000000000000011110000111111110000
0000000000001000010000000000100000000000000000000000000000010000000000100000110011000000000000000000000000000000000000000000000000100000000100001000000000000000000000000000000000000000000000000000000000000000000000000000000000000000000100001001000000000000
0000000000001011110000000000111100000000000000000000000000010000000000110000010011000000000000000000000000000000000000000000000000110011001100001000000000000000000000000000000000000000000000000000000000000000000000000000000000111111111100001001000000000000
0000000000001100000000000000000010000000000000000000000000001111110000001000001100110000000000000000000000000000000000000011110000001100110000110000000000000000000000000000000000000000000000000000000000000000000000000000000001000000000000110001000000000000
0000000000001100000000000000000011000000000000000000000000000000010000001000000000010000000000000000000000000000000000000011010000001100110000100000000000000000000000000000000000000000000000000000000000000000000000000000000001000000000000101111000000000000
0000000000000000000000000000000000100000000000000000000000000000001100110000000000001111000000000000000000000000000000001100101100001011001111000000000000000000000000000000000000000000000000000000000000000000000000000000000000110000000000110000000000000000
0000000000000000000000000000000000110000000000000000000000000000000100100000000000000001000000000000000000000000000000001100101100001000000000000000000000000000000000000000000000000000000000000000000000000000000000000000000000010000000000110000000000000000
0000000000000000000000000000000000001000000000000000000000000000000011000000000000000001000000000000000000000000000000000000110011110000000000000000000000000000000000000000000000000000000000000000000000000000000000000000000000001100000000000000000000000000
0000000000000000000000000000000000001100000000000000000000000000110000000000000011110001000000000000000000000000000000000000110010000000000000000000000000000000000000000000000000000000000000000000000000000000000000000000000000111100000000000000000000000000
0000000000000000000000000000000000000010000000000000000000000001001000000000000100001000110000000000000000000000000000000000101100000000000000000000000000000000000000000000000000000000000000000000000000000000000000000000000001000000000000000000000000000000
0000000000000000000000000000000000000010000000000000000000000001001000000000000100001111110000000000000000000000000000000000110000000000000000000000111100000000111100000000000000000000000000000000000000000000000000000000000011000000000000000000000000000000
0000000000000000000000000000000000000010000000000000000000000000110000000000000011110000000000000000000000000000000000000000001000000000000000000001000010000001000010000000000000000000000000000000000000000000000000000000000100000000000000000000000000000000
0000000000000000000000000000000000000010000000000000000000000000000000000000111111110000000000000000000000000000000000000000001000111111001100000011000011110001000010000000000000000000000000000000000000000000000000000000111100000000000000000000000000000000
0000000000000000000000000000000000000010000000000000000000000000000000000001000000000000000000000000000000000000000000001111110001000000110010000100000000001000110010000000000000000000000000000000000000000000000000000001000000111100000000000000000000000000
0000000000000000000000000000000000000011000000000000000000000000000000000011000000000000000000000000000000000000000000001000000011000000110011000100000000001000010011000000000000000000000000000000000000000000000000110011000000101100000000000000000000000000
0000000000000000000000000000000000000000100000000000000000000000000000000100000000000000000000000000000000000000000000001000000100000000001100100011111111110000010000100000000000000000000000000000000000000000000001001100000000110000000000000000000000000000
0000000000000000000000000000000000000000100000000000000000000000000000000100000000000000000000000000000000000000000000001100111100000000001100111100000000000000010000100000000000000000000000000000000000000000000011001100000000110000000000000000000000000000
0000000000000000000000000000000000000000100000000000000000000000000000000100000000000000000000000000000000000000000000000011000011111100000000000010000000000000001111000000000000000000000000000000000000000000000100001011000011010000000000000000000000000000
0000000000000000000000000000000000000000110000000000000000000000000000001100000000000000000000000000000000000000000000000011000010000100000000000011111100000000000000000000000000000000000000000000000000000000000100001111000011110000000000000000000000000000
0000000000000000000000000000000000000000001000000000000000000000000000010000000000000000000000000000000000000000000000001100111100000011000000000000000010000000000000000000000000000000000000000000000000000000000011000000001100000000000000000000000000000000
0000000000000000000000000000000000000000001100000000000000000000000000110000000000000000000000000000000000000000000000001000000000000001000000000000000010000000000000000000000000000000000000000000000000000000000001000000001100000000000000000000000000000000
0000000000000000000000000000000000000000000010000000000000000000000001000000000000000000000000000000000000000000000000001000000000000000111111111111111100000000000000000000000000000000000000000000000000000000000001000000000000000000000000000000000000000000
0000000000000000000000000000000000000000000011110000000000111111111101000000000000000000000000000000000000000000000000001000000000000000000000000000000000000000001100000000000000000000000000000000000000000000000011000000000000000000000000000000000000000000
0000000000000000000000000000000000000000000000001000000001000000000011000000000000000000000000000000000000000000000000110000000000000000000000000000000000000000010010000000000000000000000000000000000000000000000100000000000000000000000000000000000000000000
0000000000000000000000000000000000000000000000001100000001000000000011000000000000000000000000000000000000000000000000100000000000000000000000000000000011000000010011001100000000000000000000000000000000000000000100000000000000000000000000000000000000000000
0000000000000000000000000000000000000000000000000010000001000000000000000000000000000000000000000000000000000000000011000000000000000000000000000000000100100000001100110010000000000000000000000000000000000000000100000000000000000000000000000000000000000000
0000000000000000000000000000000000000000000000000011000001000000000000000000000000000000000000000000000000000000000010000000000000000000000000000000000100100000000100110011111100000000000000000000000000000000001100000000000000000000000000000000000000000000
0000000000000000000000000000000000000000000000000000100001000000000011110000000000000000000000000000000000000000000010000000000000000000000000000000000100100000000011010000000010000000000000000000000000000000010000000000000000000000000000000000000000000000
0000000000000000000000000000000000000000000000000000100001000000000011110000000000000000000000000000000000000000000010000000000000000000000000000000000100110000000000010000000011000000000011111100000000110011110000000000000000000000000000000000000000000000
0000000000000000000000000000000000000000000000000000100001000011000000000000000000000000000000000000000000000000000010000000000000000000000000000000000011001000000000010000000000100000000100000010000001001100000000000000000000000000000000000000000000000000
0000000000000000000000000000000000000000000000000000111101000011000000000000000000000000000000000000000000000000000010000000000000000000000000000000000001001100000011110000000000100000001100000010000001001100000000000000000000000000000000000000000000000000
0000000000000000000000000000000000000000000000000000000010111101000000000000000000000000000000000000000000000000001100000000000000000000000000000000000000110010000100000000000000100000010000000010000000110000000011000000000000000000000000000000000000000000
0000000000000000000000000000000000000000000000000000000011111101000000000000000000000000000000000000000000000000001000000000000000000000000000000000000000010010111100000000000000110000110000000011000000010000000011000000000000000000000000000000000000000000
0000000000000000000000000000000000000000000000000000000000000010111100000000000000000000000000000000000000000000001000000000000000000000000000000000000000010011000000000000000000001001000000000000100000001100000011000000000000000000000000000000000000000000
0000000000000000000000000000000000000000000000000000000000000011110100000000000000000000000000000000000000000000001100000000000000000000000000000000000000010011000000000000000000001001000000000000101100001100000011000000000000000000000000000000000000000000
0000000000000000000000000000000000000000000000000000000000000000001100000011111111000000000000000000000000000000000010000000000000000000000000000000000000001100111100000000000000001001000000000000110010010000000000110000000000000000000000000000000000000000
0000000000000000000000000000000000000000000000000000000000000000001100000010000001000000000000000000000000000000000011000000000000000000000000000000000000000100101100000000000000001101000000000000110011110000000000110000000000000000000000000000000000000000
0000000000000000000000000000000000000000000000000000000000000000000011001100000000111100000000000000000000000000000000100000000000000000000000000000000000000011010000000000000000000010110000000000110000000000000000110000000000000000000000000000000000000000
0000000000000000000000000000000000000000000000000000000000000000000011001000000000000100000000000000000000000000000000110000000011000000000000000000000000000000010000000000000000000011110000000000110000000000000000110000000000000000000000000000000000000000
0000000000000000000000000000000000000000000000000000000000000000000000001000000000000011110000000000000000000000000000001000000100100000000000000000000000000000010000000000000000000000000000000000001100000000110000000000000000000000000000000000000000000000
0000000000000000000000000000000000000000000000000000000000000000000000001000000000000000010000000000000000000000000000001111111100111100000000000000000000000000110000000000000000000000000000000000001100000000110000000000000000000000000000000000000000000000
0000000000000000000000000000000000000000000000000000000000000000000000001000000000000000001100000000000000000000000000000000000000000010000000000000000000000001000000000000000000000000000000000000110100000011010000000000000000000000000000000000000000000000
0000000000000000000000000000000000000000000000000000000000000000000000001000000000000000000100000000000000000000000000000000000000000010000000000000001100000011000000000000000000000000000000000000110100000010010000000000000000000000000000000000000000000000
0000000000000000000000000000000000000000000000000000000000000000000000110000000000000000000100000000000000000000000000000000000000000010000000000000010010000100000000000000000000000000000000000000001100001100010000000000000000000000000000000000000000000000
0000000000000000000000000000000000000000000000000000000000000000000000100000000000000000000100000000000000000000000000000000000000000010000000000000010010001100000000000000000000000000000000000000001100001100010000000000000000000000000000000000000000000000
0000000000000000000000000000000000000000000000000000000000000000000011000000000000000000000011111111000000000000000000000000000000000010000000000000001100010000000000000000000000000000000000000000001011000010010011000000001111110000000000000000000000000000
0000000000000000000000000000000000000000000000000000000000000000000011000000000000000000000000000001000000000000000000000000000000000011000000000000000000010000000000000000000000000000000000000000001111000011110011000000001100010000000000000000000000000000
0000000000000000000000000000000000000000000000000000000000000000000000100000000000000000000000000000110000000000000000000000000000000000100000000000000000010000000000000000000000000000000000000000000000110000000000000000000010001100000000000000000000000000
0000000000000000000000000000000000000000000000000000000000000000000000100000000000000000000000000000010000000000000000000000000000000000100000000000000000010000000000000000000000000000000000000000000000110000000000000000000011000100000000000000000000000000
0000000000000000000000000000000000000000000000000000000000000000000000100000000000000000000000000000010000000000000000000000000000000000100000000000000000010000000000000000000000000000000000000000000000000000000000000000000000100100000000000000000000000000
0000000000000000000000000000000000000000000000000000000000000000000000110000000000000000000000000000010000000000000000000000000000000000100000000000000000010000000000000000000000000000000000000000000000000000000000000000000000111100000000000000000000000000
0000000000000000000000000000000000000000000000000000000000000000000000001000000000000000000000000000010000000000000000000000000000000000100000000000000000010000000000000000000000000000000000000000000000000000000000000000000000000000000000000000000000000000
0000000000000000000000000000000000000000000000000000000000000000000000001000000000000000000000000000110000000000000000000000000000000000100000000000000000010000000000000000000000000000000000000000000000000000000000000000000000000000000000000000000000000000
0000000000000000000000000000000000000000000000000000000000000000000000001000000000000000000000000001000000000000000000000000000000000000100000000000000000010000110000000000000000000000000000000000000000000000000000001100111100001100000000000000000000000000
0000000000000000000000000000000000000000000000000000000000000000000000001100000000000000000000000001000000000000000000000000000000000000100000000000000000110000110000000000000000000000000000000000000000000000000000001100100100001100000000000000000000000000
0000000000000000000000000000000000000000000000000000000000000000000000000010000000000000000000000001000000000000000000000000000000000000100000000000000001000011010000000000000000000000000000000000000000000000000000110011000011001011000000000000000000000000
0000000000000000000000000000000000000000000000000000000000000000000000000011000000000000000000000011000000000000000000000000000000000000100000000000000011000010010000000000000000000000000000000000000000000000000000100000000001001001000000000000000000000000
0000000000000000000000000000000000000000000000000000000000000000000000000000100000000000000000000100000000000000000000000000000000000000100000000000000100000010010000000000000000000000000000000000000000000000000011000000000000110001000000000000000000000000
0000000000000000000000000000000000000000000000000000000000000000000000000000100000000000000000000100000000000000000000000000000000000000100000000000000100000010010000000000000000000000000000000000000000000000000010000000000000000001000000000000000000000000
0000000000000000000000000000000000000000000000000000000000000000000000000000100000000000000000000100000000000000000000000000000000000000100000000000000100000010010000000000000000000000000000000000000000000000111100000000000000000000110000000000000000000000
0000000000000000000000000000000000000000000000000000000000000000000000000000100000000000000000111100000000000000000000000000000000000000110000000000000100000011110000000000000000000000000000000000000000000000100000000000000000000000010000000000000000000000
0000000000000000000000000000000000000000000000000000000000000000000000000000100000000000000001000000000000000000000000000000000000000000001000000000000100000000000000000000000000000000000000000000000000000000100000000000000000000000001100000000000000000000
0000000000000000000000000000000000000000000000000000000000000000000000000000100000000000000011000000000000000000000000000000000000000000001000000000001100000000000000000000000000000000000000000000000000000000100000000000000000000000000100000000000000000000
0000000000000000000000000000000000000000000000000000000000000000000000000000100000000000000100000000000000000000000000000000000000000000001000000000010000000000000000000000000000000000000000000000000000000000100000000000000000000000000100000000000000000000
0000000000000000000000000000000000000000000000000000000000000000000000000000100000000000000100000000000000000000000000000000000000000000001100000000110000000000000000000000000000000000000000000000000000000000100000000000000000000000000100000000000000000000
0000000000000000000000000000000000000000000000000000000000000000000000000000100000000000000100000000000000000000000000000000000000000000000010000001000000000000000000000000000000000000000000000000000000000000100000000000000000000000000100000000000000000000
0000000000000000000000000000000000000000000000000000000000000000000000000000100000000000001100000000000000000000000000000000000000000000000010000011000000000000000000000000000000000000000000000000000000000000100000111111110000000000001100000000000000000000
0000000000000000000000000000000000000000000000000000000000000000000000000000100000000000010000000000000000000000000000000000000000000000000010000100000000000000000000000000000000000000000000000000000000000000100001000000001000000000010000000000000000000000
0000000000000000000000000000000000000000000000000000000000000000000000000000100000000000110000000000000000000000000000000000000000000000000011111100000000000000000000000000000000000000000000000000000000000000111111000000001111000000010000000000000000000000
0000000000000000000000000000000000000000000000000000000000000000000000000011000000000001000000000000000000000000000000000000000000000000000000000000000000000000000000000000000000000000000000000000000000000000000000000000000000100000010000000000000000110000
0000000000000000000000000000000000000000000000000000000000000000000000000010000000001111000000000000000000000000000000000000000000000000000000000000000000000000000000000000000000000000000000000000000000000000000000000000000000111111110000000000000000110000
0000000000000000000000000000000000000000000000000000000000000000000000000010000000010000000000000000000000000000000000000000000000000000000000000000000000000000000000000000000000000000000000000000000000000000000000000000000000000000000000000000000000101100
0000000000000000000000000000000000000000000000000000000000000000000000000010000000110000000000000000000000000000000000000000000000000000000000000000000000000000000000000000000000000000000000000000000000000000000000000000000000000000000000000000000000111100
0000000000000000000000000000000000000000000000000000000000000000000000000010000001000000000000000000000000000000000000000000000000000000000000000000000000000000000000000000000000000000000000000000000000000000000000000000000000000011000000000000000011000000
0000000000000000000000000000000000000000000000000000000000000000000000000010000011000000000000000000000000000000000000000000000000000000000000000000000000000000000000000000000000000000000000000000000000000000000000000000000000000011000000000000000011000000
0000000000000000000000000000000000000000000000000000000000000000000000000010000100000000000000000000000000000000000000000000000000000000000000000000000000000000000000000000000000000000000000000000000000000000000000000000000000000000000000000000001100000000
0000000000000000000000000000000000000000000000000000000000000000000000000010000100000000000000000000000000000000000000000000000000000000000000000000000000000000000000000000000000000000000000000000000000000000000000000000000000000000000000000000001100000000
0000000000000000000000000000000000000000000000000000000000000000000000000010000100000000000000000000000000000000000000000000000000000000000000000000000000000000000000000000000000000000000000000000000000000000000000000000000000000000000000000000000000000000
0000000000000000000000000000000000000000000000000000000000000000000000000010001100000000000000000000000000000000000000000000000000000000000000000000000000000000000000000000000000000000000000000000000000000000000000000000000000000000000000000000000000000000
0000000000000000000000000000000000000000000000000000000000000000000000000010010000000000000000000000000000000000000000000000000000000000000000000000000000000000000000000000000000000000000000000000000000000000000000000000000000000000000000000000000000000000
0000000000000000000000000000000000000000000000000000000000000000000000000011010000000000000000000000000000000000000000000000000000000000000000000000000000000000000000000000000000000000000000000000000000000000000000000000000000000000000000000000000000000000
0000000000000000000000000000000000000000000000000000000000000000000000000000110000000000000000000000000000000000000000000000000000000000000000000000000000000000000000000000000000000000000000000000000000000000000000000000000000000000000000000000000000000000
0000000000000000000000000000000000000000000000000000000000000000000000000000110000000000000000000000000000000000000000000000000000000000000000000000000000000000000000000000000000000000000000000000000000000000000000000000000000000000000000000000000000000000
0000000000000000000000000000000000000000000000000000000000000000000000000000000000000000000000000000000000000000000000000000000000000000000000000000000000000000000000000000000000000000000000000000000000000000000000000000000000000000000000000000000000000000
0000000000000000000000000000000000000000000000000000000000000000000000000000000000000000000000000000000000000000000000000000000000000000000000000000000000000000000000000000000000000000000000000000000000000000000000000000000000000000000000000000000000000000
0000000000000000000000000000000000000000000000000000000000000000000000000000000000000000000000000000000000000000000000000000000000000000000000000000000000000000000000000000000000000000000000000000000000000000000000000000000000000000000000000000000000000000
0000000000000000000000000000000000000000000000000000000000000000000000000000000000000000000000000000000000000000000000000000000000000000000000000000000000000000000000000000000000000000000000000000000000000000000000000000000000000000000000000000000000000000
0000000000000000000000000000000000000000000000000000000000000000000000000000000000000000000000000000000000000000000000000000000000000000000000000000000000000000000000000000000000000000000000000000000000000000000000000000000000000000000000000000000000000000
0000000000000000000000000000000000000000000000000000000000000000000000000000000000000000000000000000000000000000000000000000000000000000000000000000000000000000000000000000000000000000000000000000000000000000000000000000000000000000000000000000000000000000
0000000000000000000000000000000000000000000000000000000000000000000000000000000000001100000000000000000000000000000000000000000000000000000000000000000000000000000000000000000000000000000000000000000000000000000000000000000000000000000000000000000000000000
0000000000000000000000000000000000000000000000000000000000000000000000000000000000001100000000000000000000000000000000000000000000000000000000000000000000000000000000000000000000000000000000000000000000000000000000000000000000000000000000000000000000000000
0000000000000000000000000000000000000000000000000000000000000000000000000000000011110000000000000000000000000000000000000000000000000000000000000000000000000000001111111100000000000000111111111111111111111111111111111111111111111100000000000000000000000000
0000000000000000000000000000000000000000000000000000000000000000000000000000000010010000000000000000000000000000000000000000000000000000000000000000000000000000001000000100000000000000100000000000000000000000000000000000000000000100000000000000000000000000
0000000000000000000000000000000000000000000000000000000000000000000000000011111100010000000000000000000000000000000000000000111111111111111111111111111111111111110000000011111111111111000000000000000000000000000000000000000000000011111111110000000000000000
0000000000000000000000000000000000000000000000000000000000000000000000000010000000010000000000000000000000000000000000000000100000000000000000000000000000000000000000000000000000000000000000000000000000000000000000000000000000000000000000010000000000000000
0000000000000000000000000000000000000000000000000000001111111111111111111100000000010000000000000000000000000000001111111111000000000000000000000000000000000000000000000000000000000000000000000000000000000000000000000000000000000000000000001100000000000000
0000000000000000000000000000000000000000000000000000001000000000000000000000000000010000000000000000000000000000001000000000000000000000000000000000000000000000000000000000000000000000000000000000000000000000000000000000000000000000000000000100000000000000
1111111111111111111111111111111111111111111111111111110000000000000000000000000000001100000000000000000000001111110000000000000000000000000000000000000000000000000000000000000000000000000000000000000000000000000000000000000000000000000000000011111111111111
0000000000000000000000000000000000000000000000000000000000000000000000000000000000000100000000000000000000001000000000000000000000000000000000000000000000000000000000000000000000000000000000000000000000000000000000000000000000000000000000000000000000000000
0000000000000000000000000000000000000000000000000000000000000000000000000000000000000011111111111111111111110000000000000000000000000000000000000000000000000000000000000000000000000000000000000000000000000000000000000000000000000000000000000000000000000000
0000000000000000000000000000000000000000000000000000000000000000000000000000000000000000000000000000000000000000000000000000000000000000000000000000000000000000000000000000000000000000000000000000000000000000000000000000000000000000000000000000000000000000
0000000000000000000000000000000000000000000000000000000000000000000000000000000000000000000000000000000000000000000000000000000000000000000000000000000000000000000000000000000000000000000000000000000000000000000000000000000000000000000000000000000000000000
0000000000000000000000000000000000000000000000000000000000000000000000000000000000000000000000000000000000000000000000000000000000000000000000000000000000000000000000000000000000000000000000000000000000000000000000000000000000000000000000000000000000000000
0000000000000000000000000000000000000000000000000000000000000000000000000000000000000000000000000000000000000000000000000000000000000000000000000000000000000000000000000000000000000000000000000000000000000000000000000000000000000000000000000000000000000000
0000000000000000000000000000000000000000000000000000000000000000000000000000000000000000000000000000000000000000000000000000000000000000000000000000000000000000000000000000000000000000000000000000000000000000000000000000000000000000000000000000000000000000
0000000000000000000000000000000000000000000000000000000000000000000000000000000000000000000000000000000000000000000000000000000000000000000000000000000000000000000000000000000000000000000000000000000000000000000000000000000000000000000000000000000000000000
0000000000000000000000000000000000000000000000000000000000000000000000000000000000000000000000000000000000000000000000000000000000000000000000000000000000000000000000000000000000000000000000000000000000000000000000000000000000000000000000000000000000000000
0000000000000000000000000000000000000000000000000000000000000000000000000000000000000000000000000000000000000000000000000000000000000000000000000000000000000000000000000000000000000000000000000000000000000000000000000000000000000000000000000000000000000000
0000000000000000000000000000000000000000000000000000000000000000000000000000000000000000000000000000000000000000000000000000000000000000000000000000000000000000000000000000000000000000000000000000000000000000000000000000000000000000000000000000000000000000
