2222222222222222222222222222222222222222222222222222222222222222222222222222222222222222222222222222222222222222222222222222222222222222222222222222222222222222222222222222222222222222222222222222222222222222222222222222222222222222222222222222222222222222
2222222222222222222222222222222222222222222222222222222222222222222222222222222222222222222222222222222222222222222222222222222222222222222222222222222222222222222222222222222222222222222222222222222222222222222222222222222222222222222222222222222222222222
2222222222222222222222222222222222222222222222222222222222222222222222222222222222222222222222222222222222222222222222222222222222222222222222222222222222222222222222222222222222222222222222222222222222222222222222222222222222222222222222222222222222222222
2222222222222222222222222222222222222222222222222222222222222222222222222222222222222222222222222222222222222222222222222222222222222222222222222222222222222222222222222222222222222222222222222222222222222222222222222222222222222222222222222222222222222222
2222222222222222222222222222222222222222222222222222222222222222222222222222222222222222222222222222222222222222222222222222222222222222222222222222222222222222222222222222222222222222222222222222222222222222222222222222222222222222222222222222222222222222
2222222222222222222222222222222222222222222222222222222222222211111111111111111122333333333333333333333333333333333333222222222222222222222222222222222222222222222222222222222222222222222222222222222222222222222222222222222222222222222222222222222222222222
2222222222222222222222222222222222222222222222222222222222222211111111111111111122333333333333333333333333333333333333222222222222222222222222222222222222222222222222222222222222222222222222222222222222222222222222222222222222222222222222222222222222222222
2222222222222222222222222222222222222222222222222222111122221111111111111122111133333333333333333333333333333333332222222222222222222233333333222222222222222222222222222222222222222222222222222222221111222222222222222222222222222222222222222222222222222222
2222222222222222222222222222222222222222222222222222111122221111111111111122111133333333333333333333333333333333332222222222222222222233333333222222222222222222222222222222222222222222222222222222221111222222222222222222222222222222222222222222222222222222
2222222222222222222222222222222222222222221111111111221122221111222222222222221122223333333333333333333333333333332222555555555555555555555555555555555555555555555555555533332222222222222222222222111111112222222222222222222211112222222222222222222222222222
2222222222222222222222222222222222222222221111111111221122221111222222222222221122223333333333333333333333333333332222555555555555555555555555555555555555555555555555555533332222222222222222222222111111112222222222222222222211112222222222222222222222222222
2222222222222222222222222222222222222222111111222211222211111122111111111122222222222222333333333333333333333333335555555555555555555555555555555555555555555555551155555522222222222222222211111111111111111111111111111122222222222222222222222222222222222222
2222222222222222222222222222222222222222111111222211222211111122111111111122222222222222333333333333333333333333335555555555555555555555555555555555555555555555551155555522222222222222222211111111111111111111111111111122222222222222222222222222222222222222
5555555555551111111111112222222222222222222211111111111122111122111111111111112222222222333333333333333333333333555555555555555555555555555555111111115555555555555555555522221111111111111111111111111111111111111111111111111111111111111111111111222222222255
5555555555551111111111112222222222222222222211111111111122111122111111111111112222222222333333333333333333333333555555555555555555555555555555111111115555555555555555555522221111111111111111111111111111111111111111111111111111111111111111111111222222222255
1155555555111111111111111111111111111111111111111111111111111111111111222211111111222222333333333333333355555555555555555555555555555555551111111111111111111111111111111111111111111111111111111111111111111111111111111111111111111111111111111111111111111111
1155555555111111111111111111111111111111111111111111111111111111111111222211111111222222333333333333333355555555555555555555555555555555551111111111111111111111111111111111111111111111111111111111111111111111111111111111111111111111111111111111111111111111
5511555511111111111111111111111111111111111111111111111111111111111111112211111122222222223333333355555555555511111111555555555555555511111111551111111111111111111111111111111111111111111111111111111111111111111111111111111111111111111111111111111111111155
5511555511111111111111111111111111111111111111111111111111111111111111112211111122222222223333333355555555555511111111555555555555555511111111551111111111111111111111111111111111111111111111111111111111111111111111111111111111111111111111111111111111111155
5555555511111111111111111111111111111111111111111111111111111155555555111111555555555555555511115555555555555555555555555555555555111111111155111111111111111111111111111111111111111111111111111111111111111111111111111111111111111111111111111111111111115555
5555555511111111111111111111111111111111111111111111111111111155555555111111555555555555555511115555555555555555555555555555555555111111111155111111111111111111111111111111111111111111111111111111111111111111111111111111111111111111111111111111111111115555
5555555555551111115555555555111111111111111111111111111111115555555555111111115511555555555555555555555555555555555555555555555555111111111155551111111111111111111111111111111111111111111111111111111111111111111111111111111111111111111155551111555555555555
5555555555551111115555555555111111111111111111111111111111115555555555111111115511555555555555555555555555555555555555555555555555111111111155551111111111111111111111111111111111111111111111111111111111111111111111111111111111111111111155551111555555555555
5555555555551155555555555555555511111111111111111111111111111111115555551111111111115555555555555555555555555555555555555511115555551155115555111111111111111111111111111111111111111111111111111111111111111111111111111111111111555555555555111111555555555555
5555555555551155555555555555555511111111111111111111111111111111115555551111111111115555555555555555555555555555555555555511115555551155115555111111111111111111111111111111111111111111111111111111111111111111111111111111111111555555555555111111555555555555
5555555555555555555555555555555555111111111111111111111111111111111155111111111111111111555555555555555555555555555555551155111155551111111111111111111111111111111111111111111111111111111111111111111111111111111111111111111111115555555555115555555555555555
5555555555555555555555555555555555111111111111111111111111111111111155111111111111111111555555555555555555555555555555551155111155551111111111111111111111111111111111111111111111111111111111111111111111111111111111111111111111115555555555115555555555555555
5555555555555555555555555555555555551111111111111111111111111111111111111111111111111111555555555555555555555555555555555555115511111111111111111111111111111111111111111111111111111111111111111111111111111111111111111111111111111155555555555555555555555555
5555555555555555555555555555555555551111111111111111111111111111111111111111111111111111555555555555555555555555555555555555115511111111111111111111111111111111111111111111111111111111111111111111111111111111111111111111111111111155555555555555555555555555
5555555555555555555555555555555555555511111111111111111111111111551111111111111155551111115555555555555555555555555555555555111111111111111111111111111111111111111111111111111111111111111111111111111111111111111111111111111111555555555555555555555555555555
5555555555555555555555555555555555555511111111111111111111111111551111111111111155551111115555555555555555555555555555555555111111111111111111111111111111111111111111111111111111111111111111111111111111111111111111111111111111555555555555555555555555555555
5555555555555555555555555555555555555511111111111111111111111111111111111111111111115555555555555555555555555555555555555555551111111111111111111111555511111111555511111111111111111111111111111111111111111111111111111111111155555555555555555555555555555555
5555555555555555555555555555555555555511111111111111111111111111111111111111111111115555555555555555555555555555555555555555551111111111111111111111555511111111555511111111111111111111111111111111111111111111111111111111111155555555555555555555555555555555
5555555555555555555555555555555555555511111111111111111111111111111111111111555555555555555555555555555555555555555555551111111111555555115511111155555555551111115511111111111111111111111111111111111111111111111111111111555555111155555555555555555555555555
5555555555555555555555555555555555555511111111111111111111111111111111111111555555555555555555555555555555555555555555551111111111555555115511111155555555551111115511111111111111111111111111111111111111111111111111111111555555111155555555555555555555555555
5555555555555555555555555555555555555555111111111111111111111111111111111155555555555555555555555555555555555555555555551111111155555555551155111111111111111111115555111111111111111111111111111111111111111111111111551155555555115555555555555555555555555555
5555555555555555555555555555555555555555111111111111111111111111111111111155555555555555555555555555555555555555555555551111111155555555551155111111111111111111115555111111111111111111111111111111111111111111111111551155555555115555555555555555555555555555
5555555555555555555555555555555555555555111111111111111111111111111111111155555555555555555555555555555555555555555555555511555511111155555555555511111111111111111111111111111111111111111111111111111111111111111155551111555511115555555555555555555555555555
5555555555555555555555555555555555555555111111111111111111111111111111111155555555555555555555555555555555555555555555555511555511111155555555555511111111111111111111111111111111111111111111111111111111111111111155551111555511115555555555555555555555555555
5555555555555555555555555555555555555555551111111111111111111111111111115555555555555555555555555555555555555555555555551111111111111111555555555555555511111111111111111111111111111111111111111111111111111111111111555555551155555555555555555555555555555555
5555555555555555555555555555555555555555551111111111111111111111111111115555555555555555555555555555555555555555555555551111111111111111555555555555555511111111111111111111111111111111111111111111111111111111111111555555551155555555555555555555555555555555
5555555555555555555555555555555555555555555511111111111111111111111111555555555555555555555555555555555555555555555555551111111111111111111111111111111111111111111111111111111111111111111111111111111111111111111111555555555555555555555555555555555555555555
5555555555555555555555555555555555555555555511111111111111111111111111555555555555555555555555555555555555555555555555551111111111111111111111111111111111111111111111111111111111111111111111111111111111111111111111555555555555555555555555555555555555555555
5555555555555555555555555555555555555555555555551111111111555555555511555555555555555555555555555555555555555555555555111111111111111111111111111111111111111111115511111111111111111111111111111111111111111111111155555555555555555555555555555555555555555555
5555555555555555555555555555555555555555555555551111111111555555555511555555555555555555555555555555555555555555555555111111111111111111111111111111111111111111115511111111111111111111111111111111111111111111111155555555555555555555555555555555555555555555
5555555555555555555555555555555555555555555555555511111111555555555555555555555555555555555555555555555555555555555511111111111111111111111111111111111155111111111155115511111111111111111111111111111111111111111155555555555555555555555555555555555555555555
5555555555555555555555555555555555555555555555555511111111555555555555555555555555555555555555555555555555555555555511111111111111111111111111111111111155111111111155115511111111111111111111111111111111111111111155555555555555555555555555555555555555555555
5555555555555555555555555555555555555555555555555555111111555555555511115555555555555555555555555555555555555555555511111111111111111111111111111111111155111111111111115555555511111111111111111111111111111111115555555555555555555555555555555555555555555555
5555555555555555555555555555555555555555555555555555111111555555555511115555555555555555555555555555555555555555555511111111111111111111111111111111111155111111111111115555555511111111111111111111111111111111115555555555555555555555555555555555555555555555
5555555555555555555555555555555555555555555555555555111111555511555555555555555555555555555555555555555555555555555511111111111111111111111111111111111111551111111111115555555555111111111155555511111111551155555555555555555555555555555555555555555555555555
5555555555555555555555555555555555555555555555555555111111555511555555555555555555555555555555555555555555555555555511111111111111111111111111111111111111551111111111115555555555111111111155555511111111551155555555555555555555555555555555555555555555555555
5555555555555555555555555555555555555555555555555555555511111111555555555555555555555555555555555555555555555555551111111111111111111111111111111111111111115511111155555555555555111111115555555511111111115555555511555555555555555555555555555555555555555555
5555555555555555555555555555555555555555555555555555555511111111555555555555555555555555555555555555555555555555551111111111111111111111111111111111111111115511111155555555555555111111115555555511111111115555555511555555555555555555555555555555555555555555
5555555555555555555555555555555555555555555555555555555555555511111155555555555555555555555555555555555555555555551111111111111111111111111111111111111111115511555555555555555555551111555555555555111111111155555511555555555555555555555555555555555555555555
5555555555555555555555555555555555555555555555555555555555555511111155555555555555555555555555555555555555555555551111111111111111111111111111111111111111115511555555555555555555551111555555555555111111111155555511555555555555555555555555555555555555555555
5555555555555555555555555555555555555555555555555555555555555555551155555511111111555555555555555555555555555555555511111111111111111111111111111111111111111155111155555555555555551111555555555555115511115555555555115555555555555555555555555555555555555555
5555555555555555555555555555555555555555555555555555555555555555551155555511111111555555555555555555555555555555555511111111111111111111111111111111111111111155111155555555555555551111555555555555115511115555555555115555555555555555555555555555555555555555
5555555555555555555555555555555555555555555555555555555555555555555511551111111111111155555555555555555555555555555555111111111111111111111111111111111111111111115555555555555555555511115555555555115555555555555555115555555555555555555555555555555555555555
5555555555555555555555555555555555555555555555555555555555555555555511551111111111111155555555555555555555555555555555111111111111111111111111111111111111111111115555555555555555555511115555555555115555555555555555115555555555555555555555555555555555555555
5555555555555555555555555555555555555555555555555555555555555555555555551111111111111111115555555555555555555555555555551111111155111111111111111111111111111111115555555555555555555555555555555555551155555555115555555555555555555555555555555555555555555555
5555555555555555555555555555555555555555555555555555555555555555555555551111111111111111115555555555555555555555555555551111111155111111111111111111111111111111115555555555555555555555555555555555551155555555115555555555555555555555555555555555555555555555
5555555555555555555555555555555555555555555555555555555555555555555555551111111111111111111155555555555555555555555555555555555555555511111111111111111111111111555555555555555555555555555555555555111155555511115555555555555555555555555555555555555555555555
5555555555555555555555555555555555555555555555555555555555555555555555551111111111111111111155555555555555555555555555555555555555555511111111111111111111111111555555555555555555555555555555555555111155555511115555555555555555555555555555555555555555555555
5555555555555555555555555555555555555555555555555555555555555555555555111111111111111111111155555555555555555555555555555555555555555511111111111111115511111155555555555555555555555555555555555555551155551111115555555555555555555555555555555555555555555555
5555555555555555555555555555555555555555555555555555555555555555555555111111111111111111111155555555555555555555555555555555555555555511111111111111115511111155555555555555555555555555555555555555551155551111115555555555555555555555555555555555555555555555
5555555555555555555555555555555555555555555555555555555555555555555511111111111111111111111111111111555555555555555555555555555555555511111111111111111111115555555555555555555555555555555555555555551111555511115511555555551111115555555555555555555555555555
5555555555555555555555555555555555555555555555555555555555555555555511111111111111111111111111111111555555555555555555555555555555555511111111111111111111115555555555555555555555555555555555555555551111555511115511555555551111115555555555555555555555555555
5555555555555555555555555555555555555555555555555555555555555555555555111111111111111111111111111111115555555555555555555555555555555555111111111111111111115555555555555555555555555555555555555555555555115555555555555555555511111155555555555555555555555555
5555555555555555555555555555555555555555555555555555555555555555555555111111111111111111111111111111115555555555555555555555555555555555111111111111111111115555555555555555555555555555555555555555555555115555555555555555555511111155555555555555555555555555
5555555555555555555555555555555555555555555555555555555555555555555555111111111111111111111111111111115555555555555555555555555555555555111111111111111111115555555555555555555555555555555555555555555555555555555555555555555555111155555555555555555555555555
5555555555555555555555555555555555555555555555555555555555555555555555111111111111111111111111111111115555555555555555555555555555555555111111111111111111115555555555555555555555555555555555555555555555555555555555555555555555111155555555555555555555555555
5555555555555555555555555555555555555555555555555555555555555555555555551111111111111111111111111111115555555555555555555555555555555555111111111111111111115555555555555555555555555555555555555555555555555555555555555555555555555555555555555555555555555555
5555555555555555555555555555555555555555555555555555555555555555555555551111111111111111111111111111115555555555555555555555555555555555111111111111111111115555555555555555555555555555555555555555555555555555555555555555555555555555555555555555555555555555
5555555555555555555555555555555555555555555555555555555555555555555555551111111111111111111111111111555555555555555555555555555555555555111111111111111111115555115555555555555555555555555555555555555555555555555555551155111155551155555555555555555555555555
5555555555555555555555555555555555555555555555555555555555555555555555551111111111111111111111111111555555555555555555555555555555555555111111111111111111115555115555555555555555555555555555555555555555555555555555551155111155551155555555555555555555555555
5555555555555555555555555555555555555555555555555555555555555555555555555511111111111111111111111111555555555555555555555555555555555555111111111111111111555511115555555555555555555555555555555555555555555555555555111111111111551111555555555555555555555555
5555555555555555555555555555555555555555555555555555555555555555555555555511111111111111111111111111555555555555555555555555555555555555111111111111111111555511115555555555555555555555555555555555555555555555555555111111111111551111555555555555555555555555
5555555555555555555555555555555555555555555555555555555555555555555555555555111111111111111111111155555555555555555555555555555555555555111111111111111155555511115555555555555555555555555555555555555555555555555511111111111111111111555555555555555555555555
5555555555555555555555555555555555555555555555555555555555555555555555555555111111111111111111111155555555555555555555555555555555555555111111111111111155555511115555555555555555555555555555555555555555555555555511111111111111111111555555555555555555555555
5555555555555555555555555555555555555555555555555555555555555555555555555555111111111111111111111155555555555555555555555555555555555555111111111111111155555511115555555555555555555555555555555555555555555555111111111111111111111111115555555555555555555555
5555555555555555555555555555555555555555555555555555555555555555555555555555111111111111111111111155555555555555555555555555555555555555111111111111111155555511115555555555555555555555555555555555555555555555111111111111111111111111115555555555555555555555
5555555555555555555555555555555555555555555555555555555555555555555555555555111111111111111111555555555555555555555555555555555555555555551111111111111155555555555555555555555555555555555555555555555555555555111111111111111111111111111155555555555555555555
5555555555555555555555555555555555555555555555555555555555555555555555555555111111111111111111555555555555555555555555555555555555555555551111111111111155555555555555555555555555555555555555555555555555555555111111111111111111111111111155555555555555555555
5555555555555555555555555555555555555555555555555555555555555555555555555555111111111111111155555555555555555555555555555555555555555555551111111111115555555555555555555555555555555555555555555555555555555555111111111111111111111111111155555555555555555555
5555555555555555555555555555555555555555555555555555555555555555555555555555111111111111111155555555555555555555555555555555555555555555551111111111115555555555555555555555555555555555555555555555555555555555111111111111111111111111111155555555555555555555
5555555555555555555555555555555555555555555555555555555555555555555555555555111111111111111155555555555555555555555555555555555555555555555511111111555555555555555555555555555555555555555555555555555555555555111111111111111111111111111155555555555555555555
5555555555555555555555555555555555555555555555555555555555555555555555555555111111111111111155555555555555555555555555555555555555555555555511111111555555555555555555555555555555555555555555555555555555555555111111111111111111111111111155555555555555555555
5555555555555555555555555555555555555555555555555555555555555555555555555555111111111111115555555555555555555555555555555555555555555555555511111155555555555555555555555555555555555555555555555555555555555555111111555555551111111111115555555555555555555555
5555555555555555555555555555555555555555555555555555555555555555555555555555111111111111115555555555555555555555555555555555555555555555555511111155555555555555555555555555555555555555555555555555555555555555111111555555551111111111115555555555555555555555
5555555555555555555555555555555555555555555555555555555555555555555555555511111111111111555555555555555555555555555555555555555555555555555555555555555555555555555555555555555555555555555555555555555555555555555555555555555555111111115555555555555555115555
5555555555555555555555555555555555555555555555555555555555555555555555555511111111111111555555555555555555555555555555555555555555555555555555555555555555555555555555555555555555555555555555555555555555555555555555555555555555111111115555555555555555115555
5555555555555555555555555555555555555555555555555555555555555555555555555511111111115555555555555555555555555555555555555555555555555555555555555555555555555555555555555555555555555555555555555555555555555555555555555555555555555555555555555555555555111155
5555555555555555555555555555555555555555555555555555555555555555555555555511111111115555555555555555555555555555555555555555555555555555555555555555555555555555555555555555555555555555555555555555555555555555555555555555555555555555555555555555555555111155
5555555555555555555555555555555555555555555555555555555555555555555555555511111111555555555555555555555555555555555555555555555555555555555555555555555555555555555555555555555555555555555555555555555555555555555555555555555555555511555555555555555511555555
5555555555555555555555555555555555555555555555555555555555555555555555555511111111555555555555555555555555555555555555555555555555555555555555555555555555555555555555555555555555555555555555555555555555555555555555555555555555555511555555555555555511555555
5555555555555555555555555555555555555555555555555555555555555555555555555511111155555555555555555555555555555555555555555555555555555555555555555555555555555555555555555555555555555555555555555555555555555555555555555555555555555555555555555555551155555555
5555555555555555555555555555555555555555555555555555555555555555555555555511111155555555555555555555555555555555555555555555555555555555555555555555555555555555555555555555555555555555555555555555555555555555555555555555555555555555555555555555551155555555
5555555555555555555555555555555555555555555555555555555555555555555555555511111155555555555555555555555555555555555555555555555555555555555555555555555555555555555555555555555555555555555555555555555555555555555555555555555555555555555555555555555555555555
5555555555555555555555555555555555555555555555555555555555555555555555555511111155555555555555555555555555555555555555555555555555555555555555555555555555555555555555555555555555555555555555555555555555555555555555555555555555555555555555555555555555555555
5555555555555555555555555555555555555555555555555555555555555555555555555511115555555555555555555555555555555555555555555555555555555555555555555555555555555555555555555555555555555555555555555555555555555555555555555555555555555555555555555555555555555555
5555555555555555555555555555555555555555555555555555555555555555555555555511115555555555555555555555555555555555555555555555555555555555555555555555555555555555555555555555555555555555555555555555555555555555555555555555555555555555555555555555555555555555
5555555555555555555555555555555555555555555555555555555555555555555555555555115555555555555555555555555555555555555555555555555555555555555555555555555555555555555555555555555555555555555555555555555555555555555555555555555555555555555555555555555555555555
5555555555555555555555555555555555555555555555555555555555555555555555555555115555555555555555555555555555555555555555555555555555555555555555555555555555555555555555555555555555555555555555555555555555555555555555555555555555555555555555555555555555555555
5555555555555555555555555555555555555555555555555555555555555555555555555555555555555555555555555555555555555555555555555555555555555555555555555555555555555555555555555555555555555555555555555555555555555555555555555555555555555555555555555555555555555555
5555555555555555555555555555555555555555555555555555555555555555555555555555555555555555555555555555555555555555555555555555555555555555555555555555555555555555555555555555555555555555555555555555555555555555555555555555555555555555555555555555555555555555
5555555555555555555555555555555555555555555555555555555555555555555555555555555555555555555555555555555555555555555555555555555555555555555555555555555555555555555555555555555555555555555555555555555555555555555555555555555555555555555555555555555555555555
5555555555555555555555555555555555555555555555555555555555555555555555555555555555555555555555555555555555555555555555555555555555555555555555555555555555555555555555555555555555555555555555555555555555555555555555555555555555555555555555555555555555555555
5555555555555555555555555555555555555555555555555555555555555555555555555555555555555555555555555555555555555555555555555555555555555555555555555555555555555555555555555555555555555555555555555555555555555555555555555555555555555555555555555555555555555555
5555555555555555555555555555555555555555555555555555555555555555555555555555555555555555555555555555555555555555555555555555555555555555555555555555555555555555555555555555555555555555555555555555555555555555555555555555555555555555555555555555555555555555
2222222222222222222222222222222222222222222222222222222222222222222222222222222222223322222222222222222222222222222222222222222222222222222222222222222222222222222222222222222222222222222222222222222222222222222222222222222222222222222222222222222222222222
2222222222222222222222222222222222222222222222222222222222222222222222222222222222223322222222222222222222222222222222222222222222222222222222222222222222222222222222222222222222222222222222222222222222222222222222222222222222222222222222222222222222222222
2222222222222222222222222222222222222222222222222222222222222222222222222222222233332222222222222222222222222222222222222222222222222222222222222222222222222222223333333322222222222222333333333333333333333333333333333333333333333322222222222222222222222222
2222222222222222222222222222222222222222222222222222222222222222222222222222222233332222222222222222222222222222222222222222222222222222222222222222222222222222223333333322222222222222333333333333333333333333333333333333333333333322222222222222222222222222
2222222222222222222222222222222222222222222222222222222222222222222222222233333333332222222222222222222222222222222222222222333333333333333333333333333333333333333333333333333333333333333333333333333333333333333333333333333333333333333333332222222222222222
2222222222222222222222222222222222222222222222222222222222222222222222222233333333332222222222222222222222222222222222222222333333333333333333333333333333333333333333333333333333333333333333333333333333333333333333333333333333333333333333332222222222222222
2222222222222222222222222222222222222222222222222222223333333333333333333333333333332222222222222222222222222222223333333333333333333333333333333333333333333333333333333333333333333333333333333333333333333333333333333333333333333333333333333322222222222222
2222222222222222222222222222222222222222222222222222223333333333333333333333333333332222222222222222222222222222223333333333333333333333333333333333333333333333333333333333333333333333333333333333333333333333333333333333333333333333333333333322222222222222
3333333333333333333333333333333333333333333333333333333333333333333333333333333333333322222222222222222222223333333333333333333333333333333333333333333333333333333333333333333333333333333333333333333333333333333333333333333333333333333333333333333333333333
3333333333333333333333333333333333333333333333333333333333333333333333333333333333333322222222222222222222223333333333333333333333333333333333333333333333333333333333333333333333333333333333333333333333333333333333333333333333333333333333333333333333333333
3333333333333333333333333333333333333333333333333333333333333333333333333333333333333333333333333333333333333333333333333333333333333333333333333333333333333333333333333333333333333333333333333333333333333333333333333333333333333333333333333333333333333333
3333333333333333333333333333333333333333333333333333333333333333333333333333333333333333333333333333333333333333333333333333333333333333333333333333333333333333333333333333333333333333333333333333333333333333333333333333333333333333333333333333333333333333
3333333333333333333333333333333333333333333333333333333333333333333333333333333333333333333333333333333333333333333333333333333333333333333333333333333333333333333333333333333333333333333333333333333333333333333333333333333333333333333333333333333333333333
3333333333333333333333333333333333333333333333333333333333333333333333333333333333333333333333333333333333333333333333333333333333333333333333333333333333333333333333333333333333333333333333333333333333333333333333333333333333333333333333333333333333333333
3333333333333333333333333333333333333333333333333333333333333333333333333333333333333333333333333333333333333333333333333333333333333333333333333333333333333333333333333333333333333333333333333333333333333333333333333333333333333333333333333333333333333333
3333333333333333333333333333333333333333333333333333333333333333333333333333333333333333333333333333333333333333333333333333333333333333333333333333333333333333333333333333333333333333333333333333333333333333333333333333333333333333333333333333333333333333
3333333333333333333333333333333333333333333333333333333333333333333333333333333333333333333333333333333333333333333333333333333333333333333333333333333333333333333333333333333333333333333333333333333333333333333333333333333333333333333333333333333333333333
3333333333333333333333333333333333333333333333333333333333333333333333333333333333333333333333333333333333333333333333333333333333333333333333333333333333333333333333333333333333333333333333333333333333333333333333333333333333333333333333333333333333333333
3333333333333333333333333333333333333333333333333333333333333333333333333333333333333333333333333333333333333333333333333333333333333333333333333333333333333333333333333333333333333333333333333333333333333333333333333333333333333333333333333333333333333333
3333333333333333333333333333333333333333333333333333333333333333333333333333333333333333333333333333333333333333333333333333333333333333333333333333333333333333333333333333333333333333333333333333333333333333333333333333333333333333333333333333333333333333
